4 4 4 4 4 4 4 4 4 4 4 4 4 4 4 6 6 6 6 6 6 6 6 6 6 6 6 6 6 6 6 7 7 7 7 7 7 7 7 7 7 7 7 7 7 7 7 7
4 4 4 4 4 4 4 4 4 4 4 4 4 4 6 6 6 6 6 2 2 2 2 2 2 6 6 6 6 6 6 6 6 7 7 7 7 7 7 7 7 7 7 7 7 7 7 7
4 4 4 4 4 4 4 4 4 4 4 4 4 4 6 6 6 2 2 2 2 2 2 2 2 2 2 2 2 2 6 6 6 7 7 6 6 6 6 6 6 6 6 6 6 6 7 7
4 4 4 4 4 4 0 0 4 4 4 4 4 4 6 6 6 2 2 2 2 2 2 2 2 2 2 2 2 2 2 6 6 7 7 7 6 8 6 8 6 8 6 8 6 8 7 7
4 4 4 4 4 9 0 0 9 4 4 4 4 4 6 6 6 2 2 2 2 2 2 2 2 2 2 2 2 2 2 6 6 6 7 7 7 7 6 6 6 6 6 6 6 6 7 7
4 4 4 4 9 9 9 9 9 9 4 4 4 4 6 6 2 2 2 2 2 2 2 2 2 2 2 2 2 2 2 6 6 6 7 7 7 7 7 7 7 7 6 6 7 7 7 7
4 4 4 4 9 0 0 9 9 9 4 4 4 4 6 6 2 2 2 2 2 2 4 4 4 4 2 2 2 2 2 6 6 6 6 6 6 7 7 7 7 7 6 6 7 7 7 7
4 4 9 9 0 0 0 0 9 9 4 4 4 6 6 6 2 2 2 2 2 4 4 6 6 4 4 4 4 2 2 6 6 6 6 6 6 6 6 6 6 6 6 6 6 6 6 6 
4 4 9 0 0 0 0 0 9 4 4 4 4 8 8 6 2 2 2 2 2 4 6 6 6 6 6 6 4 2 2 6 6 6 6 6 6 6 6 6 6 6 6 6 6 6 6 6
4 4 0 0 0 0 0 0 0 4 4 4 6 6 6 2 2 2 2 2 4 4 6 9 9 9 6 6 4 2 2 2 2 2 2 2 2 2 2 2 2 2 2 2 2 2 2 2
4 4 8 0 8 0 8 0 8 4 4 4 6 6 6 2 2 2 2 2 4 6 6 9 9 9 6 4 4 2 2 2 2 2 2 2 2 2 2 2 2 2 2 2 2 2 2 2
4 4 0 0 0 0 0 0 0 4 4 4 6 6 6 2 2 2 2 2 4 6 6 6 6 6 6 4 2 2 2 2 2 2 2 2 2 2 2 2 2 2 2 2 2 2 2 2
4 4 8 0 8 0 8 0 8 0 4 4 6 6 6 2 2 2 2 2 4 4 6 6 6 4 4 4 2 2 2 6 6 6 6 6 6 6 6 6 6 6 6 6 6 6 6 6
4 4 0 0 0 0 0 0 0 0 0 0 6 6 6 2 2 2 2 2 2 4 4 6 4 4 2 2 2 2 2 6 6 6 6 6 6 6 6 6 6 6 6 6 6 6 6 6
4 4 4 0 8 0 8 0 8 0 4 4 4 6 6 2 2 2 2 2 2 2 2 2 2 2 2 2 2 2 6 6 6 6 6 6 6 6 0 0 0 0 0 0 0 0 0 0
4 4 4 0 0 0 0 0 0 4 4 4 4 6 6 6 2 2 2 2 2 2 2 2 2 2 2 2 2 2 6 6 6 6 6 0 0 0 0 0 0 0 0 0 0 0 0 0
4 4 4 4 4 4 4 4 4 4 4 4 4 4 6 6 6 2 2 2 2 2 2 2 2 2 2 2 2 6 6 6 6 6 0 0 0 0 0 0 0 0 0 0 0 0 0 4
4 4 4 4 4 4 4 4 4 4 4 4 4 4 4 6 6 6 6 6 2 2 2 8 2 2 2 2 6 6 6 6 6 0 0 0 0 0 0 0 0 0 0 0 0 0 0 4
4 4 4 4 4 4 4 4 4 4 4 4 4 4 4 4 6 6 6 6 6 6 6 6 6 6 6 6 6 6 6 6 0 0 0 0 0 0 0 0 0 0 0 0 0 0 4 4
4 4 4 4 4 4 4 4 4 4 4 9 4 4 4 4 0 0 0 6 6 6 6 6 6 6 6 6 6 6 0 0 0 0 0 0 0 0 0 0 0 0 0 0 0 4 4 4
4 4 4 4 4 4 4 4 9 9 9 0 9 4 4 4
4 4 4 4 4 4 4 4 9 0 0 0 0 9 9 4
4 4 4 4 4 9 9 9 0 0 0 0 0 0 0 9
4 4 4 4 9 0 0 0 0 0 0 0 0 0 0 0
4 4 4 9 0 0 0 0 0 0 0 0 0 0 0 0
4 4 4 9 0 0 0 0 0 0 0 0 0 0 0 9
4 4 4 9 0 0 0 0 0 0 0 0 0 0 9 4
4 4 4 9 0 0 0 0 0 0 0 0 0 0 9 4
4 4 4   0 0 0 0 0 0 0 0 0 0 9 4
4 4 4   0 0 0 0 0 0 0 0 0 9 4 4
4 4 4 9 0 0 0 0 0 0 0 0 0 9 4 4
4 4 4 9 0 0 0 0 0 0 0 9 9 4 4 4
4 4 4 4 9 0 0 0 0 9 9 4 4 4 4 4
4 4 4 4 4 9 9 9 9 4 4 4 4 4 4 4
4 4 4 4 4 4 4 4 4 4 4 4 4 4 4 4
4 4 4 4 4 4 4 4 4 4 4 4 4 4 4 4